92
11
267
58
235
96
131
112
205
277
187
119
249
19
170
238
283
101
153
189
201
42
199
17
257
210
136
127
220
154
144
172
155
89
118
244
135
122
264
84
62
6
149
260
193
108
71
223
221
10
49
111
47
16
68
41
51
184
83
162
174
18
195
123
27
208
86
270
232
13
23
151
241
53
216
88
278
248
2
182
3
218
1
160
247
21
80
268
211
117
183
28
137
0
126
45
227
57
203
273
282
163
55
229
165
141
214
40
242
124
24
152
254
191
129
207
130
222
32
271
5
190
233
26
280
176
4
133
99
213
107
12
186
30
54
198
169
192
9
105
263
269
239
120
31
98
22
226
236
56
228
147
204
240
185
258
252
46
104
82
132
76
200
276
245
224
59
150
231
251
97
262
181
256
157
194
230
100
37
66
81
33
281
166
243
197
161
113
69
143
102
272
255
70
75
35
77
50
140
48
73
60
67
64
39
20
78
85
209
261
159
8
215
52
234
206
128
110
171
61
173
91
168
94
196
14
125
134
116
250
225
93
219
158
175
43
65
7
44
178
265
74
266
29
217
114
202
148
139
179
253
121
25
38
177
87
237
34
109
